## htsjdk.samtools.metrics.StringHeader
# MarkDuplicates INPUT=[campy_SRR25630409_rg.bam] OUTPUT=campy_SRR25630409_marked_duplicates.bam METRICS_FILE=campy_SRR25630409_marked_dupes_metrics.txt REMOVE_DUPLICATES=true VALIDATION_STRINGENCY=LENIENT    MAX_SEQUENCES_FOR_DISK_READ_ENDS_MAP=50000 MAX_FILE_HANDLES_FOR_READ_ENDS_MAP=8000 SORTING_COLLECTION_SIZE_RATIO=0.25 TAG_DUPLICATE_SET_MEMBERS=false REMOVE_SEQUENCING_DUPLICATES=false TAGGING_POLICY=DontTag CLEAR_DT=true DUPLEX_UMI=false FLOW_MODE=false FLOW_DUP_STRATEGY=FLOW_QUALITY_SUM_STRATEGY FLOW_USE_END_IN_UNPAIRED_READS=false FLOW_USE_UNPAIRED_CLIPPED_END=false FLOW_UNPAIRED_END_UNCERTAINTY=0 FLOW_UNPAIRED_START_UNCERTAINTY=0 FLOW_SKIP_FIRST_N_FLOWS=0 FLOW_Q_IS_KNOWN_END=false FLOW_EFFECTIVE_QUALITY_THRESHOLD=15 ADD_PG_TAG_TO_READS=true ASSUME_SORTED=false DUPLICATE_SCORING_STRATEGY=SUM_OF_BASE_QUALITIES PROGRAM_RECORD_ID=MarkDuplicates PROGRAM_GROUP_NAME=MarkDuplicates READ_NAME_REGEX=<optimized capture of last three ':' separated fields as numeric values> OPTICAL_DUPLICATE_PIXEL_DISTANCE=100 MAX_OPTICAL_DUPLICATE_SET_SIZE=300000 VERBOSITY=INFO QUIET=false COMPRESSION_LEVEL=5 MAX_RECORDS_IN_RAM=500000 CREATE_INDEX=false CREATE_MD5_FILE=false USE_JDK_DEFLATER=false USE_JDK_INFLATER=false
## htsjdk.samtools.metrics.StringHeader
# Started on: Mon Sep 08 08:25:43 PDT 2025

## METRICS CLASS	picard.sam.DuplicationMetrics
LIBRARY	UNPAIRED_READS_EXAMINED	READ_PAIRS_EXAMINED	SECONDARY_OR_SUPPLEMENTARY_RDS	UNMAPPED_READS	UNPAIRED_READ_DUPLICATES	READ_PAIR_DUPLICATES	READ_PAIR_OPTICAL_DUPLICATES	PERCENT_DUPLICATION	ESTIMATED_LIBRARY_SIZE
campylomormyrus.fasta	313360	34037203	4081405	17436881	263558	17441647	0	0.513935	20483895

## HISTOGRAM	java.lang.Double
BIN	CoverageMult	all_sets	non_optical_sets
1.0	1	10504182	10504182
2.0	1.189824	3668304	3668304
3.0	1.225857	1242618	1242618
4.0	1.232697	465683	465683
5.0	1.233996	208061	208061
6.0	1.234242	112326	112326
7.0	1.234289	70308	70308
8.0	1.234298	48822	48822
9.0	1.2343	36491	36491
10.0	1.2343	28182	28182
11.0	1.2343	22692	22692
12.0	1.2343	18503	18503
13.0	1.2343	15350	15350
14.0	1.2343	12931	12931
15.0	1.2343	11072	11072
16.0	1.2343	9658	9658
17.0	1.2343	8417	8417
18.0	1.2343	7262	7262
19.0	1.2343	6592	6592
20.0	1.2343	5878	5878
21.0	1.2343	5292	5292
22.0	1.2343	4762	4762
23.0	1.2343	4386	4386
24.0	1.2343	4032	4032
25.0	1.2343	3689	3689
26.0	1.2343	3403	3403
27.0	1.2343	3084	3084
28.0	1.2343	2791	2791
29.0	1.2343	2736	2736
30.0	1.2343	2479	2479
31.0	1.2343	2282	2282
32.0	1.2343	2073	2073
33.0	1.2343	1998	1998
34.0	1.2343	1847	1847
35.0	1.2343	1698	1698
36.0	1.2343	1612	1612
37.0	1.2343	1552	1552
38.0	1.2343	1450	1450
39.0	1.2343	1382	1382
40.0	1.2343	1276	1276
41.0	1.2343	1213	1213
42.0	1.2343	1174	1174
43.0	1.2343	1050	1050
44.0	1.2343	1078	1078
45.0	1.2343	994	994
46.0	1.2343	921	921
47.0	1.2343	917	917
48.0	1.2343	845	845
49.0	1.2343	802	802
50.0	1.2343	784	784
51.0	1.2343	764	764
52.0	1.2343	702	702
53.0	1.2343	663	663
54.0	1.2343	603	603
55.0	1.2343	617	617
56.0	1.2343	623	623
57.0	1.2343	589	589
58.0	1.2343	588	588
59.0	1.2343	546	546
60.0	1.2343	523	523
61.0	1.2343	479	479
62.0	1.2343	492	492
63.0	1.2343	488	488
64.0	1.2343	433	433
65.0	1.2343	427	427
66.0	1.2343	418	418
67.0	1.2343	408	408
68.0	1.2343	395	395
69.0	1.2343	384	384
70.0	1.2343	348	348
71.0	1.2343	327	327
72.0	1.2343	358	358
73.0	1.2343	304	304
74.0	1.2343	333	333
75.0	1.2343	348	348
76.0	1.2343	310	310
77.0	1.2343	277	277
78.0	1.2343	293	293
79.0	1.2343	282	282
80.0	1.2343	286	286
81.0	1.2343	279	279
82.0	1.2343	258	258
83.0	1.2343	238	238
84.0	1.2343	261	261
85.0	1.2343	219	219
86.0	1.2343	223	223
87.0	1.2343	215	215
88.0	1.2343	218	218
89.0	1.2343	211	211
90.0	1.2343	206	206
91.0	1.2343	207	207
92.0	1.2343	196	196
93.0	1.2343	203	203
94.0	1.2343	165	165
95.0	1.2343	173	173
96.0	1.2343	165	165
97.0	1.2343	170	170
98.0	1.2343	177	177
99.0	1.2343	178	178
100.0	1.2343	163	163
101.0	0	159	159
102.0	0	161	161
103.0	0	149	149
104.0	0	145	145
105.0	0	153	153
106.0	0	145	145
107.0	0	121	121
108.0	0	137	137
109.0	0	137	137
110.0	0	141	141
111.0	0	103	103
112.0	0	121	121
113.0	0	127	127
114.0	0	109	109
115.0	0	110	110
116.0	0	103	103
117.0	0	120	120
118.0	0	104	104
119.0	0	127	127
120.0	0	109	109
121.0	0	116	116
122.0	0	106	106
123.0	0	106	106
124.0	0	111	111
125.0	0	86	86
126.0	0	89	89
127.0	0	68	68
128.0	0	97	97
129.0	0	100	100
130.0	0	100	100
131.0	0	85	85
132.0	0	80	80
133.0	0	87	87
134.0	0	80	80
135.0	0	70	70
136.0	0	82	82
137.0	0	74	74
138.0	0	69	69
139.0	0	75	75
140.0	0	73	73
141.0	0	82	82
142.0	0	68	68
143.0	0	82	82
144.0	0	74	74
145.0	0	77	77
146.0	0	69	69
147.0	0	66	66
148.0	0	67	67
149.0	0	64	64
150.0	0	59	59
151.0	0	60	60
152.0	0	65	65
153.0	0	61	61
154.0	0	53	53
155.0	0	63	63
156.0	0	55	55
157.0	0	56	56
158.0	0	43	43
159.0	0	63	63
160.0	0	63	63
161.0	0	51	51
162.0	0	58	58
163.0	0	48	48
164.0	0	62	62
165.0	0	49	49
166.0	0	39	39
167.0	0	42	42
168.0	0	59	59
169.0	0	48	48
170.0	0	38	38
171.0	0	46	46
172.0	0	35	35
173.0	0	40	40
174.0	0	42	42
175.0	0	50	50
176.0	0	32	32
177.0	0	33	33
178.0	0	51	51
179.0	0	42	42
180.0	0	44	44
181.0	0	50	50
182.0	0	38	38
183.0	0	39	39
184.0	0	35	35
185.0	0	38	38
186.0	0	32	32
187.0	0	29	29
188.0	0	31	31
189.0	0	34	34
190.0	0	28	28
191.0	0	37	37
192.0	0	31	31
193.0	0	31	31
194.0	0	36	36
195.0	0	45	45
196.0	0	30	30
197.0	0	30	30
198.0	0	30	30
199.0	0	26	26
200.0	0	30	30
201.0	0	27	27
202.0	0	26	26
203.0	0	30	30
204.0	0	31	31
205.0	0	26	26
206.0	0	37	37
207.0	0	27	27
208.0	0	32	32
209.0	0	28	28
210.0	0	28	28
211.0	0	36	36
212.0	0	19	19
213.0	0	39	39
214.0	0	23	23
215.0	0	35	35
216.0	0	27	27
217.0	0	23	23
218.0	0	22	22
219.0	0	26	26
220.0	0	18	18
221.0	0	23	23
222.0	0	30	30
223.0	0	21	21
224.0	0	24	24
225.0	0	19	19
226.0	0	28	28
227.0	0	18	18
228.0	0	21	21
229.0	0	21	21
230.0	0	25	25
231.0	0	19	19
232.0	0	24	24
233.0	0	22	22
234.0	0	18	18
235.0	0	18	18
236.0	0	17	17
237.0	0	17	17
238.0	0	19	19
239.0	0	24	24
240.0	0	20	20
241.0	0	21	21
242.0	0	14	14
243.0	0	13	13
244.0	0	15	15
245.0	0	13	13
246.0	0	17	17
247.0	0	15	15
248.0	0	16	16
249.0	0	22	22
250.0	0	26	26
251.0	0	16	16
252.0	0	15	15
253.0	0	22	22
254.0	0	15	15
255.0	0	15	15
256.0	0	23	23
257.0	0	13	13
258.0	0	17	17
259.0	0	18	18
260.0	0	17	17
261.0	0	17	17
262.0	0	14	14
263.0	0	10	10
264.0	0	14	14
265.0	0	13	13
266.0	0	13	13
267.0	0	15	15
268.0	0	11	11
269.0	0	13	13
270.0	0	17	17
271.0	0	15	15
272.0	0	11	11
273.0	0	9	9
274.0	0	18	18
275.0	0	12	12
276.0	0	10	10
277.0	0	12	12
278.0	0	8	8
279.0	0	12	12
280.0	0	12	12
281.0	0	18	18
282.0	0	12	12
283.0	0	12	12
284.0	0	10	10
285.0	0	13	13
286.0	0	9	9
287.0	0	12	12
288.0	0	12	12
289.0	0	10	10
290.0	0	8	8
291.0	0	11	11
292.0	0	16	16
293.0	0	10	10
294.0	0	8	8
295.0	0	14	14
296.0	0	13	13
297.0	0	12	12
298.0	0	7	7
299.0	0	12	12
300.0	0	10	10
301.0	0	10	10
302.0	0	13	13
303.0	0	8	8
304.0	0	9	9
305.0	0	10	10
306.0	0	14	14
307.0	0	3	3
308.0	0	4	4
309.0	0	16	16
310.0	0	13	13
311.0	0	12	12
312.0	0	14	14
313.0	0	11	11
314.0	0	8	8
315.0	0	9	9
316.0	0	10	10
317.0	0	9	9
318.0	0	6	6
319.0	0	11	11
320.0	0	5	5
321.0	0	11	11
322.0	0	9	9
323.0	0	8	8
324.0	0	4	4
325.0	0	7	7
326.0	0	5	5
327.0	0	12	12
328.0	0	8	8
329.0	0	7	7
330.0	0	11	11
331.0	0	2	2
332.0	0	5	5
333.0	0	12	12
334.0	0	7	7
335.0	0	4	4
336.0	0	7	7
337.0	0	7	7
338.0	0	5	5
339.0	0	9	9
340.0	0	5	5
341.0	0	11	11
342.0	0	8	8
343.0	0	8	8
344.0	0	3	3
345.0	0	7	7
346.0	0	3	3
347.0	0	8	8
348.0	0	8	8
349.0	0	9	9
350.0	0	7	7
351.0	0	7	7
352.0	0	4	4
353.0	0	5	5
354.0	0	7	7
355.0	0	8	8
356.0	0	11	11
357.0	0	8	8
358.0	0	6	6
359.0	0	8	8
360.0	0	7	7
361.0	0	6	6
362.0	0	4	4
363.0	0	10	10
364.0	0	4	4
365.0	0	11	11
366.0	0	6	6
367.0	0	4	4
368.0	0	6	6
369.0	0	6	6
370.0	0	4	4
371.0	0	5	5
372.0	0	6	6
373.0	0	4	4
374.0	0	6	6
375.0	0	3	3
376.0	0	6	6
377.0	0	12	12
378.0	0	8	8
379.0	0	8	8
380.0	0	5	5
381.0	0	6	6
382.0	0	8	8
383.0	0	6	6
384.0	0	6	6
385.0	0	5	5
386.0	0	4	4
387.0	0	5	5
388.0	0	5	5
389.0	0	7	7
390.0	0	4	4
391.0	0	8	8
392.0	0	2	2
393.0	0	2	2
394.0	0	2	2
395.0	0	4	4
396.0	0	4	4
397.0	0	10	10
398.0	0	7	7
399.0	0	1	1
400.0	0	1	1
401.0	0	3	3
402.0	0	3	3
403.0	0	3	3
404.0	0	3	3
405.0	0	5	5
406.0	0	8	8
407.0	0	5	5
408.0	0	6	6
409.0	0	6	6
410.0	0	3	3
411.0	0	6	6
412.0	0	9	9
413.0	0	4	4
414.0	0	6	6
415.0	0	5	5
416.0	0	2	2
417.0	0	4	4
418.0	0	8	8
419.0	0	4	4
420.0	0	4	4
421.0	0	4	4
422.0	0	5	5
423.0	0	5	5
424.0	0	2	2
425.0	0	8	8
426.0	0	6	6
427.0	0	4	4
428.0	0	4	4
429.0	0	4	4
430.0	0	5	5
431.0	0	2	2
432.0	0	3	3
433.0	0	10	10
434.0	0	8	8
435.0	0	3	3
436.0	0	2	2
437.0	0	3	3
438.0	0	6	6
439.0	0	7	7
440.0	0	4	4
441.0	0	5	5
442.0	0	4	4
443.0	0	3	3
444.0	0	2	2
445.0	0	6	6
446.0	0	1	1
447.0	0	4	4
448.0	0	5	5
449.0	0	4	4
450.0	0	3	3
451.0	0	6	6
452.0	0	8	8
453.0	0	5	5
454.0	0	3	3
455.0	0	5	5
456.0	0	1	1
457.0	0	5	5
458.0	0	3	3
459.0	0	2	2
460.0	0	2	2
461.0	0	4	4
462.0	0	3	3
463.0	0	2	2
464.0	0	7	7
465.0	0	3	3
466.0	0	2	2
467.0	0	6	6
468.0	0	4	4
469.0	0	4	4
470.0	0	4	4
471.0	0	3	3
472.0	0	3	3
473.0	0	1	1
474.0	0	4	4
476.0	0	5	5
477.0	0	2	2
478.0	0	3	3
479.0	0	4	4
480.0	0	4	4
481.0	0	2	2
482.0	0	5	5
483.0	0	7	7
484.0	0	2	2
485.0	0	1	1
486.0	0	1	1
487.0	0	2	2
488.0	0	4	4
489.0	0	7	7
490.0	0	4	4
491.0	0	3	3
492.0	0	4	4
493.0	0	3	3
494.0	0	3	3
495.0	0	3	3
496.0	0	6	6
497.0	0	3	3
498.0	0	1	1
499.0	0	2	2
500.0	0	5	5
501.0	0	3	3
502.0	0	2	2
503.0	0	3	3
504.0	0	3	3
505.0	0	4	4
506.0	0	5	5
507.0	0	2	2
508.0	0	1	1
509.0	0	1	1
510.0	0	5	5
511.0	0	3	3
513.0	0	3	3
514.0	0	1	1
515.0	0	1	1
516.0	0	2	2
517.0	0	2	2
518.0	0	1	1
519.0	0	3	3
520.0	0	1	1
521.0	0	2	2
523.0	0	2	2
524.0	0	4	4
525.0	0	4	4
526.0	0	1	1
527.0	0	1	1
528.0	0	3	3
529.0	0	2	2
531.0	0	2	2
532.0	0	2	2
533.0	0	3	3
534.0	0	4	4
535.0	0	2	2
536.0	0	3	3
537.0	0	4	4
538.0	0	1	1
539.0	0	2	2
541.0	0	4	4
542.0	0	3	3
543.0	0	1	1
544.0	0	2	2
545.0	0	1	1
546.0	0	1	1
547.0	0	1	1
548.0	0	3	3
549.0	0	2	2
551.0	0	4	4
552.0	0	4	4
553.0	0	2	2
554.0	0	3	3
555.0	0	4	4
556.0	0	6	6
557.0	0	2	2
558.0	0	2	2
559.0	0	1	1
560.0	0	6	6
561.0	0	3	3
562.0	0	3	3
563.0	0	1	1
564.0	0	1	1
565.0	0	4	4
566.0	0	2	2
567.0	0	2	2
568.0	0	1	1
569.0	0	1	1
570.0	0	4	4
571.0	0	1	1
572.0	0	2	2
573.0	0	2	2
574.0	0	1	1
575.0	0	2	2
576.0	0	3	3
578.0	0	1	1
579.0	0	4	4
580.0	0	3	3
582.0	0	2	2
583.0	0	1	1
584.0	0	4	4
585.0	0	4	4
587.0	0	2	2
588.0	0	4	4
589.0	0	3	3
590.0	0	2	2
592.0	0	1	1
593.0	0	1	1
594.0	0	1	1
595.0	0	3	3
596.0	0	2	2
597.0	0	3	3
598.0	0	2	2
600.0	0	2	2
602.0	0	3	3
604.0	0	2	2
605.0	0	3	3
606.0	0	1	1
607.0	0	1	1
609.0	0	1	1
610.0	0	1	1
611.0	0	1	1
612.0	0	2	2
613.0	0	1	1
614.0	0	3	3
615.0	0	2	2
616.0	0	1	1
617.0	0	2	2
618.0	0	4	4
620.0	0	5	5
622.0	0	2	2
623.0	0	1	1
625.0	0	2	2
626.0	0	1	1
627.0	0	1	1
628.0	0	3	3
630.0	0	3	3
632.0	0	1	1
633.0	0	2	2
634.0	0	3	3
636.0	0	1	1
637.0	0	3	3
639.0	0	1	1
641.0	0	1	1
643.0	0	2	2
646.0	0	1	1
647.0	0	1	1
648.0	0	1	1
649.0	0	1	1
650.0	0	1	1
651.0	0	1	1
652.0	0	1	1
653.0	0	1	1
654.0	0	1	1
655.0	0	2	2
656.0	0	1	1
657.0	0	2	2
658.0	0	2	2
659.0	0	2	2
660.0	0	1	1
662.0	0	2	2
663.0	0	1	1
664.0	0	2	2
665.0	0	2	2
667.0	0	2	2
669.0	0	2	2
672.0	0	2	2
673.0	0	1	1
674.0	0	1	1
676.0	0	4	4
677.0	0	1	1
678.0	0	2	2
680.0	0	2	2
681.0	0	2	2
682.0	0	1	1
683.0	0	3	3
684.0	0	1	1
685.0	0	1	1
686.0	0	1	1
689.0	0	1	1
690.0	0	1	1
692.0	0	1	1
693.0	0	1	1
696.0	0	2	2
697.0	0	1	1
698.0	0	3	3
699.0	0	2	2
701.0	0	1	1
702.0	0	1	1
703.0	0	1	1
704.0	0	1	1
706.0	0	2	2
707.0	0	1	1
708.0	0	2	2
710.0	0	4	4
711.0	0	1	1
712.0	0	3	3
713.0	0	1	1
715.0	0	2	2
717.0	0	1	1
718.0	0	1	1
722.0	0	1	1
724.0	0	1	1
725.0	0	2	2
726.0	0	1	1
728.0	0	1	1
729.0	0	2	2
730.0	0	2	2
732.0	0	1	1
736.0	0	1	1
737.0	0	1	1
738.0	0	1	1
739.0	0	2	2
740.0	0	1	1
743.0	0	1	1
747.0	0	2	2
748.0	0	4	4
749.0	0	3	3
751.0	0	2	2
753.0	0	2	2
754.0	0	1	1
755.0	0	1	1
757.0	0	1	1
758.0	0	1	1
760.0	0	1	1
761.0	0	1	1
762.0	0	3	3
763.0	0	1	1
764.0	0	3	3
766.0	0	1	1
767.0	0	2	2
768.0	0	2	2
769.0	0	3	3
771.0	0	2	2
774.0	0	3	3
777.0	0	1	1
778.0	0	1	1
780.0	0	1	1
781.0	0	1	1
782.0	0	1	1
783.0	0	1	1
787.0	0	1	1
788.0	0	1	1
789.0	0	3	3
790.0	0	2	2
791.0	0	2	2
792.0	0	1	1
794.0	0	1	1
795.0	0	1	1
798.0	0	3	3
809.0	0	1	1
810.0	0	1	1
811.0	0	2	2
813.0	0	1	1
814.0	0	1	1
818.0	0	1	1
819.0	0	1	1
821.0	0	1	1
822.0	0	2	2
825.0	0	1	1
826.0	0	1	1
828.0	0	1	1
829.0	0	3	3
830.0	0	1	1
831.0	0	1	1
832.0	0	1	1
833.0	0	1	1
834.0	0	1	1
835.0	0	2	2
838.0	0	2	2
839.0	0	1	1
840.0	0	1	1
844.0	0	2	2
845.0	0	2	2
846.0	0	1	1
847.0	0	1	1
850.0	0	1	1
851.0	0	1	1
853.0	0	3	3
855.0	0	1	1
858.0	0	1	1
859.0	0	1	1
860.0	0	1	1
865.0	0	2	2
866.0	0	1	1
873.0	0	1	1
874.0	0	1	1
875.0	0	1	1
876.0	0	2	2
879.0	0	1	1
881.0	0	2	2
883.0	0	2	2
886.0	0	1	1
887.0	0	1	1
888.0	0	1	1
890.0	0	1	1
891.0	0	1	1
893.0	0	1	1
896.0	0	1	1
897.0	0	2	2
899.0	0	2	2
901.0	0	1	1
902.0	0	1	1
905.0	0	1	1
906.0	0	3	3
909.0	0	3	3
910.0	0	1	1
912.0	0	1	1
913.0	0	1	1
916.0	0	1	1
917.0	0	1	1
922.0	0	2	2
924.0	0	2	2
929.0	0	1	1
931.0	0	3	3
935.0	0	1	1
938.0	0	1	1
940.0	0	1	1
942.0	0	1	1
943.0	0	1	1
944.0	0	2	2
947.0	0	2	2
951.0	0	1	1
953.0	0	1	1
954.0	0	1	1
961.0	0	3	3
962.0	0	1	1
963.0	0	1	1
968.0	0	1	1
969.0	0	2	2
970.0	0	2	2
973.0	0	1	1
976.0	0	1	1
978.0	0	2	2
980.0	0	1	1
985.0	0	1	1
987.0	0	1	1
988.0	0	1	1
990.0	0	1	1
992.0	0	2	2
996.0	0	1	1
1001.0	0	1	1
1003.0	0	1	1
1006.0	0	1	1
1007.0	0	1	1
1010.0	0	1	1
1012.0	0	1	1
1014.0	0	1	1
1019.0	0	1	1
1020.0	0	1	1
1024.0	0	2	2
1026.0	0	1	1
1029.0	0	1	1
1032.0	0	1	1
1035.0	0	1	1
1037.0	0	1	1
1040.0	0	1	1
1041.0	0	2	2
1049.0	0	1	1
1058.0	0	1	1
1060.0	0	1	1
1061.0	0	1	1
1062.0	0	1	1
1064.0	0	1	1
1072.0	0	1	1
1077.0	0	2	2
1078.0	0	1	1
1080.0	0	1	1
1083.0	0	1	1
1085.0	0	1	1
1087.0	0	1	1
1089.0	0	1	1
1092.0	0	1	1
1093.0	0	1	1
1094.0	0	1	1
1103.0	0	1	1
1112.0	0	1	1
1113.0	0	2	2
1121.0	0	1	1
1123.0	0	1	1
1127.0	0	2	2
1134.0	0	1	1
1141.0	0	1	1
1144.0	0	1	1
1148.0	0	1	1
1153.0	0	1	1
1159.0	0	1	1
1165.0	0	1	1
1168.0	0	1	1
1171.0	0	1	1
1174.0	0	1	1
1176.0	0	1	1
1178.0	0	1	1
1180.0	0	1	1
1181.0	0	1	1
1185.0	0	2	2
1187.0	0	1	1
1195.0	0	1	1
1204.0	0	1	1
1206.0	0	1	1
1217.0	0	1	1
1225.0	0	1	1
1226.0	0	1	1
1231.0	0	1	1
1234.0	0	1	1
1235.0	0	1	1
1237.0	0	1	1
1240.0	0	1	1
1245.0	0	1	1
1246.0	0	1	1
1250.0	0	1	1
1252.0	0	1	1
1260.0	0	1	1
1261.0	0	1	1
1267.0	0	1	1
1271.0	0	1	1
1273.0	0	1	1
1282.0	0	2	2
1284.0	0	1	1
1290.0	0	1	1
1306.0	0	1	1
1325.0	0	2	2
1329.0	0	2	2
1331.0	0	1	1
1340.0	0	1	1
1350.0	0	1	1
1375.0	0	1	1
1376.0	0	1	1
1379.0	0	1	1
1384.0	0	1	1
1391.0	0	1	1
1395.0	0	2	2
1401.0	0	1	1
1409.0	0	1	1
1410.0	0	1	1
1432.0	0	1	1
1446.0	0	1	1
1450.0	0	1	1
1456.0	0	1	1
1463.0	0	1	1
1468.0	0	1	1
1471.0	0	1	1
1497.0	0	1	1
1502.0	0	1	1
1504.0	0	1	1
1508.0	0	1	1
1520.0	0	1	1
1521.0	0	1	1
1532.0	0	1	1
1547.0	0	1	1
1551.0	0	1	1
1580.0	0	1	1
1598.0	0	1	1
1601.0	0	2	2
1619.0	0	1	1
1620.0	0	1	1
1627.0	0	1	1
1628.0	0	1	1
1641.0	0	1	1
1645.0	0	1	1
1652.0	0	1	1
1658.0	0	1	1
1660.0	0	1	1
1663.0	0	1	1
1675.0	0	1	1
1727.0	0	2	2
1769.0	0	1	1
1772.0	0	1	1
1775.0	0	1	1
1795.0	0	1	1
1822.0	0	1	1
1833.0	0	1	1
1847.0	0	1	1
1881.0	0	1	1
1900.0	0	1	1
1906.0	0	1	1
1921.0	0	1	1
1938.0	0	1	1
1942.0	0	1	1
1945.0	0	1	1
1991.0	0	1	1
1993.0	0	1	1
2006.0	0	1	1
2025.0	0	1	1
2041.0	0	1	1
2046.0	0	1	1
2074.0	0	1	1
2146.0	0	1	1
2206.0	0	1	1
2219.0	0	1	1
2242.0	0	1	1
2306.0	0	1	1
2346.0	0	1	1
2368.0	0	1	1
2373.0	0	1	1
2386.0	0	1	1
2426.0	0	1	1
2445.0	0	1	1
2467.0	0	1	1
2529.0	0	1	1
2554.0	0	1	1
2587.0	0	1	1
2815.0	0	1	1
3048.0	0	1	1
3074.0	0	1	1
3100.0	0	1	1
3127.0	0	1	1
3202.0	0	1	1
3414.0	0	1	1
3464.0	0	1	1
3837.0	0	1	1
4188.0	0	1	1
4712.0	0	1	1
10677.0	0	1	1

